00000000
00000000
00000000
00000000
10000000
00000000
00000000
00000000
00100000
00000000
00000000
00000000
10010000
00000000
00000000
00000000
00001000
00000000
00000000
00000000
10011000
00000000
00000000
00000000
00100100
00000000
00000000
00000000
10001100
00000000
00000000
00000000
00000010
00000000
00000000
00000000
10001010
00000000
00000000
00000000
00100110
00000000
00000000
00000000
10011110
00000000
00000000
00000000
00001001
00000000
00000000
00000000
10010101
00000000
00000000
00000000
00100011
00000000
00000000
00000000
10000111
00000000
00000000
00000000
00000000
10000000
00000000
00000000
10000100
10000000
00000000
00000000
00100010
10000000
00000000
00000000
10010110
10000000
00000000
00000000
00001001
10000000
00000000
00000000
10011101
10000000
00000000
00000000
00100111
10000000
00000000
00000000
10001000
01000000
00000000
00000000
00000010
01000000
00000000
00000000
10001110
01000000
00000000
00000000
00100101
01000000
00000000
00000000
10011011
01000000
00000000
00000000
00001000
11000000
00000000
00000000
10010010
11000000
00000000
00000000
00100001
11000000
00000000
00000000
10000011
11000000
00000000
00000000
00000000
00100000
00000000
00000000
10000010
00100000
00000000
00000000
00100001
00100000
00000000
00000000
10010011
00100000
00000000
00000000
00001000
10100000
00000000
00000000
10011010
10100000
00000000
00000000
00100101
10100000
00000000
00000000
10001111
10100000
00000000
00000000
00000010
01100000
00000000
00000000
10001001
01100000
00000000
00000000
00100111
01100000
00000000
00000000
10011100
11100000
00000000
00000000
00001001
11100000
00000000
00000000
10010111
11100000
00000000
00000000
00100010
00010000
00000000
00000000
10000101
00010000
00000000
00000000
00000000
10010000
00000000
00000000
10000110
10010000
00000000
00000000
00100011
10010000
00000000
00000000
10010100
01010000
00000000
00000000
00001001
01010000
00000000
00000000
10011111
01010000
00000000
00000000
00100110
11010000
00000000
00000000
10001011
11010000
00000000
00000000
00000010
00110000
00000000
00000000
10001101
00110000
00000000
00000000
00100100
10110000
00000000
00000000
10011001
10110000
00000000
00000000
00001000
01110000
00000000
00000000
10010001
01110000
00000000
00000000
00100000
11110000
00000000
00000000
10000001
11110000
00000000
00000000
00000000
00001000
00000000
00000000
10000001
00001000
00000000
00000000
00100000
10001000
00000000
00000000
10010001
10001000
00000000
00000000
00001000
01001000
00000000
00000000
10011001
01001000
00000000
00000000
00100100
11001000
00000000
00000000
10001101
11001000
00000000
00000000
00000010
00101000
00000000
00000000
10001011
00101000
00000000
00000000
00100110
10101000
00000000
00000000
10011111
10101000
00000000
00000000
00001001
01101000
00000000
00000000
10010100
11101000
00000000
00000000
00100011
11101000
00000000
00000000
10000110
00011000
00000000
00000000
00000000
10011000
00000000
00000000
10000101
10011000
00000000
00000000
00100010
01011000
00000000
00000000
10010111
01011000
00000000
00000000
00001001
11011000
00000000
00000000
10011100
00111000
00000000
00000000
00100111
00111000
00000000
00000000
10001001
10111000
00000000
00000000
00000010
01111000
00000000
00000000
10001111
01111000
00000000
00000000
00100101
11111000
00000000
00000000
10011010
00000100
00000000
00000000
00001000
10000100
00000000
00000000
10010011
10000100
00000000
00000000
00100001
01000100
00000000
00000000
10000010
11000100
00000000
00000000
00000000
00100100
00000000
00000000
10000011
00100100
00000000
00000000
00100001
10100100
00000000
00000000
10010010
01100100
00000000
00000000
00000000
00000000
00000000
00000000
00000000
00000000
00000000
00000000
00000000
00000000
00000000
00000000
00000000
00000000
00000000
00000000
00000000
00000000
00000000
00000000
00000000
00000000
00000000
00000000
00000000
00000000
00000000
00000000
00000000
00000000
00000000
00000000
00000000
00000000
00000000
00000000
00000000
00000000
00000000
00000000
00000000
00000000
00000000
00000000
00000000
00000000
00000000
00000000
00000000
00000000
00000000
00000000
00000000
00000000
00000000
00000000
00000000
00000000
00000000
00000000
00000000
00000000
00000000
00000000
00000000
00000000
00000000
00000000
00000000
00000000
00000000
00000000
00000000
00000000
00000000
00000000
00000000
00000000
00000000
00000000
00000000
00000000
00000000
00000000
00000000
00000000
00000000
00000000
00000000
00000000
00000000
00000000
00000000
00000000
00000000
00000000
00000000
00000000
00000000
00000000
00000000
00000000
00000000
00000000
00000000
00000000
00000000
00000000
00000000
00000000
00000000
00000000
00000000
00000000
00000000
00000000
00000000
00000000
00000000
00000000
00000000
00000000
00000000
00000000
00000000
00000000
00000000
00000000
00000000
00000000
00000000
00000000
00000000
00000000
00000000
00000000
00000000
00000000
00000000
00000000
00000000
00000000
00000000
00000000
00000000
00000000
00000000
00000000
00000000
00000000
00000000
00000000
00000000
00000000
00000000
00000000
00000000
00000000
00000000
00000000
00000000
00000000
00000000
00000000
00000000
00000000
00000000
00000000
00000000
00000000
00000000
00000000
00000000
00000000
00000000
00000000
00000000
00000000
00000000
00000000
00000000
00000000
00000000
00000000
00000000
00000000
00000000
00000000
00000000
00000000
00000000
00000000
00000000
00000000
00000000
00000000
00000000
00000000
00000000
00000000
00000000
00000000
00000000
00000000
00000000
00000000
00000000
00000000
00000000
00000000
00000000
00000000
00000000
00000000
00000000
00000000
00000000
00000000
00000000
00000000
00000000
00000000
00000000
00000000
00000000
00000000
00000000
00000000
00000000
00000000
00000000
00000000
00000000
00000000
00000000
00000000
00000000
00000000
00000000
00000000
00000000
00000000
00000000
00000000
00000000
00000000
00000000
00000000
00000000
00000000
00000000
00000000
00000000
00000000
00000000
00000000
00000000
00000000
00000000
00000000
00000000
00000000
00000000
00000000
00000000
00000000
00000000
00000000
00000000
00000000
00000000
00000000
00000000
00000000
00000000
00000000
00000000
00000000
00000000
00000000
00000000
00000000
00000000
00000000
00000000
00000000
00000000
00000000
00000000
00000000
00000000
00000000
00000000
00000000
00000000
00000000
00000000
00000000
00000000
00000000
00000000
00000000
00000000
00000000
00000000
00000000
00000000
00000000
00000000
00000000
00000000
00000000
00000000
00000000
00000000
00000000
00000000
00000000
00000000
00000000
00000000
00000000
00000000
00000000
00000000
00000000
00000000
00000000
00000000
00000000
00000000
00000000
00000000
00000000
00000000
00000000
00000000
00000000
00000000
00000000
00000000
00000000
00000000
00000000
00000000
00000000
00000000
00000000
00000000
00000000
00000000
00000000
00000000
00000000
00000000
00000000
00000000
00000000
00000000
00000000
00000000
00000000
00000000
00000000
00000000
00000000
00000000
00000000
00000000
00000000
00000000
00000000
00000000
00000000
00000000
00000000
00000000
00000000
00000000
00000000
00000000
00000000
00000000
00000000
00000000
00000000
00000000
00000000
00000000
00000000
00000000
00000000
00000000
00000000
00000000
00000000
00000000
00000000
00000000
00000000
00000000
00000000
00000000
00000000
00000000
00000000
00000000
00000000
00000000
00000000
00000000
00000000
00000000
00000000
00000000
00000000
00000000
00000000
00000000
00000000
00000000
00000000
00000000
00000000
00000000
00000000
00000000
00000000
00000000
00000000
00000000
00000000
00000000
00000000
00000000
00000000
00000000
00000000
00000000
00000000
00000000
00000000
00000000
00000000
00000000
00000000
00000000
00000000
00000000
00000000
00000000
00000000
00000000
00000000
00000000
00000000
00000000
00000000
00000000
00000000
00000000
00000000
00000000
00000000
00000000
00000000
00000000
00000000
00000000
00000000
00000000
00000000
00000000
00000000
00000000
00000000
00000000
00000000
00000000
00000000
00000000
00000000
00000000
00000000
00000000
00000000
00000000
00000000
00000000
00000000
00000000
00000000
00000000
00000000
00000000
00000000
00000000
00000000
00000000
00000000
00000000
00000000
00000000
00000000
00000000
00000000
00000000
00000000
00000000
00000000
00000000
00000000
00000000
00000000
00000000
00000000
00000000
00000000
00000000
00000000
00000000
00000000
00000000
00000000
00000000
00000000
00000000
00000000
00000000
00000000
00000000
00000000
00000000
00000000
00000000
00000000
00000000
00000000
00000000
00000000
00000000
00000000
00000000
00000000
00000000
00000000
00000000
00000000
00000000
00000000
00000000
00000000
00000000
00000000
00000000
00000000
00000000
00000000
00000000
00000000
00000000
00000000
00000000
00000000
00000000
00000000
00000000
00000000
00000000
00000000
00000000
00000000
00000000
00000000
00000000
00000000
00000000
00000000
00000000
00000000
00000000
00000000
00000000
00000000
00000000
00000000
00000000
00000000
00000000
00000000
00000000
00000000
00000000
00000000
00000000
00000000
00110000
00000000
00000000
00000000
